13.6058277389255
13.6461829297074
13.6172650663138
13.5687128287621
13.5175770570371
13.4439185524023
13.3020286492653
13.1925237491417
13.1229725762623
13.1263286159529
13.2312763629726
13.4606815591771
13.6268465470646
13.6461650255916
13.6179025305309
13.5519660229616
13.5072072460102
13.4533853076253
13.3119982009788
13.1936326683189
13.1261785860912
13.1214145359391
13.2321514112708
13.4271222814572
13.5978585065995
13.6370657525061
13.6077081315713
13.5537797206287
13.5132759495193
13.4454940174576
13.319834239308
13.1993888884861
13.1278990378314
13.1339494334078
13.2672835905448
13.4804270075647
13.60889147816
13.6282087208299
13.6177779892152
13.5520657836245
13.500872968835
13.4367198967532
13.3119545571758
13.206555598785
13.1282834219732
13.1448896630691
13.2637725372845
13.4958837609921
13.6091219729448
13.6388243944355
13.6120245852466
13.5526187077733
13.5049188475732
13.4417544004368
13.3267100670916
13.1698658142373
13.1198930696997
13.1524200865549
13.2608716781024
13.4574427189678
13.6076847306312
13.6368924094168
13.6034822965735
13.5638895047598
13.5208367742361
13.4288594749026
13.3253742172559
13.2005565834186
13.1376974253075
13.1659044130057
13.3006155298022
13.4813923282587
13.6159630915558
13.6332223686115
13.5793314956884
13.5593929465231
13.5102653266955
13.4450994164277
13.3116720895107
13.1820369445012
13.1131975843743
13.1412593145474
13.2820066866598
13.5101368689118
13.6149851977062
13.6396195472314
13.6091434813008
13.5564741097985
13.4948109562998
13.4317734746216
13.2946637154484
13.1752027853283
13.1228673541022
13.1417601898683
13.2889220487195
13.500393283068
13.6220034306221
13.6315999765083
13.5932809583944
13.543470309718
13.4927319912431
13.4031135302798
13.292061986546
13.1576168685676
13.1062964321539
13.127862210576
13.2606016333863
13.4783457873312
13.6199362550338
13.6454738438363
13.6095289514819
13.5607076981837
13.5122681950848
13.4259373416295
13.3080604214629
13.1929144598375
13.1364885872474
13.1585546631494
13.2757956088712
13.4913870095104
13.622814130197
13.6394149339973
13.6150072635388
13.5734664759434
13.504307797544
13.4305275861119
13.3159920113019
13.1849779020249
13.1242669762185
13.1557633504311
13.2684809351413
13.4648274030632
13.5952976695823
13.616240210986
13.6012896156091
13.549224228317
13.5029323587455
13.4345255353436
13.3027807903992
13.1854999651169
13.1359640078991
13.1688511489985
13.3066733297299
13.539132201907
13.6378660324366
13.6380258209996
13.6193305903285
13.5672097516291
13.5022689617352
13.4437457313272
13.29674301582
13.1787236945336
13.108897368461
13.124672338324
13.233958913067
13.448716661838
13.6016047463594
13.6432380452524
13.6333636157115
13.5780729415678
13.5279470803896
13.4533883150669
13.3228682958622
13.2003080799317
13.1400277608778
13.1562491391607
13.2619823118669
13.5165517290719
13.6158364825367
13.6176620856432
13.5868760496515
13.5420896133576
13.4877227355757
13.4183563873065
13.3153806602228
13.1775250643376
13.1234360889443
13.1456899246267
13.2341335261051
13.4277371065084
13.5926119774741
13.6377320182653
13.5971164411714
13.5443709842793
13.4781658480627
13.4366715460877
13.2938065906739
13.1804155153597
13.1131852532047
13.1335186941418
13.2551131758889
13.5000882972501
13.6157062528707
13.6199071385445
13.596527670867
13.5343750446508
13.5076791760705
13.4401529857857
13.3167496602335
13.1798067760682
13.1309915442188
13.1668199754891
13.2960354092375
13.4786026791447
13.6067945780318
13.6373270322272
13.6156908270432
13.5736628489161
13.518417815791
13.4431724024612
13.3054706293351
13.1790299113108
13.1277454220003
13.1400287617295
13.2751873311647
13.4542139323836
13.6301933651632
13.6398369375139
13.6097642207876
13.5654507095708
13.5066621403557
13.4397588282553
13.3026295841016
13.166249595031
13.1102318545914
13.120207498592
13.2272701273498
13.4624588623476
13.6100642067944
13.6243091590703
13.6012550259291
13.5732941657719
13.5090840998087
13.4407542542068
13.291940667789
13.1751002799235
13.1107502685946
13.1418509167263
13.2532437089213
13.4771445820344
13.6103693459492
13.6417928174338
13.6159608035325
13.56007176792
13.5023912002648
13.4525466988681
13.313879279102
13.1900105344327
13.1298685384455
13.1604481485749
13.2865348588632
13.4610993009613
13.5992815599606
13.6357394441609
13.6121219661887
13.5726363472635
13.507471852686
13.4412720636697
13.3040581925563
13.1803711110928
13.1145096739245
13.1276546959212
13.2370553491248
13.4581122606077
13.6045606871424
13.6199268966448
13.583037839492
13.5396671540964
13.4962673581314
13.4469824283241
13.3170547191095
13.1778304265017
13.117331305813
13.1357453524634
13.2178366272225
13.417281215864
13.5955236437076
13.6454174953172
13.6131205589544
13.571447555702
13.5235273149113
13.4378801310718
13.3125292884614
13.1860533439316
13.122995840968
13.1483648785244
13.2407640317415
13.4299452052118
13.6009745316274
13.6217772728718
13.5832295270449
13.5562902472005
13.5101984838077
13.4430923021086
13.3174694679363
13.1896714226428
13.1028220267786
13.1167573049483
13.2065715278771
13.4018912267389
13.5924074308181
13.6358613820546
13.6187355806668
13.56839634162
13.5100490714987
13.4562449983572
13.323410709194
13.181625004606
13.1245595476104
13.1361541566721
13.2335600042602
13.4253175477196
13.5927839995889
13.6470555908124
13.6182717298366
13.5821291813771
13.5074112010328
13.4443954152979
13.312636240031
13.1821898188013
13.0927255871599
13.119946114467
13.2141891609264
13.3876559482339
13.5711993061837
13.6344980710278
13.6089865948731
13.5632224043191
13.5003318776047
13.4483570952806
13.3163605187197
13.16879417137
13.1000979161496
13.1486669208235
13.2560431314982
13.4420840995712
13.5995059021936
13.6586392378144
13.6482795812392
13.5863140813028
13.5216145890612
13.4487069879014
13.334487020223
13.1895934875912
13.1085559153946
13.0919883419701
13.1676597525201
13.3784965395828
13.5606636301704
13.6422497245379
13.6194733514188
13.5670223052024
13.5396163201596
13.4614203170407
13.3395136191884
13.207024771819
13.135767419795
13.1408653095029
13.2537684246112
13.4496816871051
13.6017302601629
13.6554634553505
13.6373799952373
13.5741809078263
13.5029116953271
13.4550642326573
13.31666075393
13.1951135129424
13.1193917787901
13.1295834625012
13.2147537662836
13.3878426551836
13.5967915578895
13.6336616672061
13.6124236346341
13.5755060235958
13.5349571138326
13.4524112581567
13.3095584211702
13.1872581931907
13.132096950211
13.1276959168537
13.2255421925385
13.4224071427745
13.5982507563033
13.6500073405244
13.6045755722601
13.5723546620751
13.5244181747182
13.4470021460585
13.3214346845518
13.1852592855571
13.1189827230418
13.1195033912521
13.2025834644196
13.4038930926511
13.5941067692218
13.6500040104111
13.6384326807823
13.5894150370677
13.5429131851485
13.4717786512688
13.3479542306854
13.2137588279743
13.1240114705822
13.1323358336494
13.2229357301889
13.4210680668937
13.6066293072686
13.650286757205
13.6398449458259
13.5831741958588
13.5125442626927
13.4496292363466
13.3241933690744
13.1904736449367
13.1421894111778
13.1159980127331
13.2152962027112
13.4479414801432
13.6011283856979
13.6417237053013
13.6327059187129
13.5874916986717
13.5297934549763
13.46664750576
13.3307203371178
13.2168863685004
13.1405478291437
13.185284682216
13.2899809770209
13.5188445983018
13.624915454484
13.6370341546089
13.6251599636245
13.5688274729368
13.5223227170772
13.4504968819931
13.3066449923745
13.181412967416
13.1102797769514
13.1008641863084
13.1907589252523
13.3984541435457
13.5810214334666
13.6337904229883
13.6303815142787
13.5744848627232
13.5041508618135
13.4630822198068
13.3386240499837
13.1946422716
13.1323697884248
13.1278727499403
13.1888017189313
13.3478459113607
13.5510024413862
13.6486082501159
13.6227180098755
13.565102415433
13.5221759307942
13.4485461763254
13.3230491857228
13.1985779990553
13.1243460321343
13.1205623041664
13.2169920289489
13.4084153826929
13.5909990751522
13.6516981053952
13.6172693828585
13.5792131494501
13.5322676247892
13.4672892908768
13.3349917966756
13.206226921348
13.1418388939433
13.1436854757719
13.2033775632159
13.4147059301689
13.610521656799
13.656723235032
13.6325813998132
13.592317372143
13.5341346891271
13.4764911382491
13.3447795421225
13.2131864964121
13.1416180786
13.1372463651935
13.2039106495502
13.3949318336771
13.5823925790066
13.6432176018335
13.6286115233993
13.5882994871893
13.5288846724568
13.4665754508558
13.3386668811914
13.2152110894702
13.1305375364189
13.1264454661214
13.2191329995098
13.4160824760742
13.5887632989891
13.6288717611025
13.6314411021806
13.55501700655
13.5170681835587
13.4552398256173
13.3250705897302
13.2146090927922
13.1452185312906
13.1498785227637
13.2303149367153
13.453165174709
13.6234645725028
13.6584085787836
13.625433085579
13.5797238339739
13.5025380155114
13.4549434129068
13.3398065226028
13.2064128403296
13.1355952891436
13.1401782111702
13.2018220777663
13.4044086122654
13.5861147648592
13.6450978281961
13.6396737266971
13.5956074826407
13.5447135263442
13.487780761361
13.3471700811868
13.230796148944
13.1652573564962
13.1571038904648
13.2165302796677
13.3775114941784
13.5902120667609
13.6397474839654
13.6440526212007
13.579943003642
13.5334866369932
13.4579493432103
13.3362893570419
13.195394258447
13.126618353596
13.1395938316474
13.1867100794348
13.3830763763616
13.5878602949902
13.6438194890567
13.6335253581417
13.5804286939489
13.5201841433978
13.4449516816126
13.341850317176
13.2068271101935
13.1347374345559
13.1350687334151
13.2262294644512
13.4328554043285
13.5998810713731
13.6470310673622
13.6342112971208
13.5900995224046
13.5338099893165
13.4688398338004
13.3372101101462
13.2054424611868
13.1470536276202
13.1489981642417
13.2211625910784
13.4306022139796
13.6079235377966
13.6539228662469
13.6255521422748
13.5751477284009
13.5161679065042
13.4763866979132
13.3342364503965
13.217699936382
13.1555059881389
13.154790969581
13.2527442402278
13.4592125193401
13.6246966022233
13.6688600614707
13.6237562868723
13.574186335534
13.5366173330973
13.4605036789024
13.329440757058
13.194975741334
13.1165156124258
13.10984003953
13.205141873149
13.3795036879961
