-0.450490231048899
-0.419440591988324
-0.414208635938465
-0.402076931901588
-0.383936272230469
-0.3603217791577
-0.370097076398049
-0.397939952095863
-0.442194407567496
-0.494789665646666
-0.53301376986583
-0.503834851984076
-0.446578531505098
-0.421268556850951
-0.41318486354054
-0.405705998954307
-0.385520193355369
-0.358120291591297
-0.364583961308794
-0.391306256215387
-0.433000808934468
-0.493649290873333
-0.533178631888367
-0.508738524191629
-0.448858641417086
-0.423049809517559
-0.408505131211017
-0.407094297660171
-0.384485992034554
-0.359435533970554
-0.363492610559347
-0.391580551695918
-0.439880532628432
-0.502375996000098
-0.529329930762157
-0.494817828641109
-0.439618351398956
-0.423330181986361
-0.410811610936711
-0.402257970522659
-0.388094653205009
-0.36478675746262
-0.371379742293509
-0.399176662617579
-0.445071925350321
-0.498391139692703
-0.52794504173262
-0.493182932778
-0.439623884238168
-0.42410430531859
-0.410379985607809
-0.404116713240602
-0.388870258245104
-0.367463979545444
-0.363226518963373
-0.400408667464315
-0.449548780844519
-0.500796231975156
-0.522865519104731
-0.503361835596647
-0.451565277969118
-0.416363486572562
-0.413837377961854
-0.40609446142624
-0.383964304129793
-0.370697749480581
-0.372307961014695
-0.406680642932869
-0.448421587158414
-0.506181552934038
-0.5214307431065
-0.496750137588392
-0.445872264219953
-0.416951725529456
-0.413832070621547
-0.41241872417095
-0.392262434577539
-0.366106402284707
-0.370213919897134
-0.401562613664828
-0.449961057348349
-0.507783085018743
-0.528456537362353
-0.485880661990909
-0.437511058458105
-0.419112787198102
-0.410692874638488
-0.402602021401768
-0.386553100803153
-0.361611566024342
-0.371862152507123
-0.402295452105579
-0.448937318960606
-0.502222723919444
-0.528330202956758
-0.493451035443608
-0.439251961958629
-0.416056140647594
-0.412250907190853
-0.406805120671631
-0.383513912619534
-0.371981393588395
-0.373187952244203
-0.406037147294367
-0.452272957218681
-0.50615742060963
-0.528996675509026
-0.497272052974335
-0.444639826371501
-0.418890060480734
-0.410459376436686
-0.404213010574078
-0.384424994615105
-0.367648284895241
-0.373313219291922
-0.404963493515236
-0.451854471228708
-0.500906386302574
-0.524792246685106
-0.495696016175711
-0.440148523622989
-0.418810342583242
-0.414847217556238
-0.401329982006409
-0.386085079047024
-0.367871352617341
-0.365066422379744
-0.400521165572849
-0.449931288424493
-0.502345497309616
-0.521954889066683
-0.500460885961975
-0.443512416942704
-0.421311205843753
-0.415186708645358
-0.404975085839331
-0.386552603270377
-0.364296340602334
-0.369901849311072
-0.402690762926724
-0.45336505813252
-0.503727809990287
-0.526613954543552
-0.485693608568524
-0.432900950690551
-0.417707193297641
-0.412768786905052
-0.404378964462114
-0.387939331624093
-0.360044108333099
-0.367244137823341
-0.397310721827889
-0.446194810755489
-0.502595261319591
-0.529453457016906
-0.498824611633194
-0.454690452552127
-0.419928277890306
-0.410480725048585
-0.403657663046704
-0.384076427958329
-0.364549675334746
-0.368095073092404
-0.401571773194622
-0.45020482966259
-0.499840611079029
-0.529866535578279
-0.48988400169708
-0.430744261777567
-0.418225084584582
-0.41383255872422
-0.406698302369062
-0.389888549206222
-0.370057351015727
-0.369127769939149
-0.403727576466926
-0.452593178938702
-0.496998634960471
-0.525914453572038
-0.505389323589443
-0.455209809566191
-0.420515347247006
-0.408568479418295
-0.403300300634438
-0.392484356026768
-0.361413351811677
-0.373567337152
-0.402189794739074
-0.454108504504106
-0.501638083640359
-0.531664940777009
-0.492267486673613
-0.434634288099618
-0.421619186172029
-0.408376949363678
-0.410553752275569
-0.390372722982276
-0.367051723514147
-0.370454820081139
-0.405047217249538
-0.450432186135363
-0.501691809863684
-0.519292794953976
-0.494215157821955
-0.447598173112804
-0.425435632836355
-0.41757149834257
-0.403673278089351
-0.384075478552177
-0.359750543634891
-0.365751015148177
-0.399322971453602
-0.446654876086072
-0.50091152964739
-0.525361140402119
-0.50128361462484
-0.446877749925193
-0.41566020308252
-0.412890480965582
-0.405179847055159
-0.385197088865903
-0.355660837702364
-0.360850653552651
-0.397151086963217
-0.444970872163389
-0.498192409925004
-0.532736991543338
-0.50479780625428
-0.445255351708839
-0.422151557137212
-0.417113459052334
-0.400979251080494
-0.380060108277381
-0.354765441703637
-0.36760444934026
-0.402557853822035
-0.453376359872108
-0.506142228353123
-0.531256627509655
-0.495355664208341
-0.453008833678371
-0.422474119820527
-0.410622925115537
-0.404923107774473
-0.38781596916986
-0.359466137337322
-0.36888929294421
-0.405919887019176
-0.450730931036736
-0.502452996383403
-0.521589313002254
-0.500604151745646
-0.458721546294166
-0.422174052547318
-0.413175540254623
-0.399736417489675
-0.379801928178227
-0.357084018727755
-0.365893408746393
-0.397214920225025
-0.448178002389841
-0.501544590604568
-0.530926623431781
-0.502469801577586
-0.443879384849624
-0.420220410145512
-0.416991614679452
-0.411017372947273
-0.393011156901902
-0.364353474834606
-0.365570679429364
-0.397434928602157
-0.451147304358264
-0.49539471589939
-0.530887593226014
-0.51350087413262
-0.460622172317495
-0.423756520411849
-0.411499640452665
-0.40500369057534
-0.381439182317826
-0.360289747886272
-0.362076823419554
-0.393163270614771
-0.451924110568376
-0.49458745995404
-0.526267559063921
-0.515442479409833
-0.450540910499262
-0.422288295249024
-0.418278259462433
-0.409251625589337
-0.387813963051373
-0.362381454416037
-0.364078366727756
-0.393250063223992
-0.439923374746066
-0.496428350884209
-0.530041373562792
-0.516592112203412
-0.466645435981356
-0.423883834381971
-0.416267675965888
-0.40259571766501
-0.383895326574605
-0.354074179185487
-0.360644583939374
-0.397141916696812
-0.439343491989851
-0.492715929745291
-0.527075359157368
-0.506825686377827
-0.462560402869069
-0.423346333339726
-0.41116413513779
-0.402265100281598
-0.385780109815282
-0.362358091105176
-0.362540822863902
-0.391116136367809
-0.444946533783678
-0.497324672499894
-0.528995820551083
-0.515728140174538
-0.472581427819824
-0.427016372973217
-0.414758798272598
-0.405347421257162
-0.387439217605226
-0.35785409386742
-0.360512698841524
-0.395100446737292
-0.452867066819853
-0.505932104920149
-0.527414033996839
-0.507018070967056
-0.464515112406071
-0.426238548541311
-0.411019525484592
-0.396113402999913
-0.381451391744169
-0.359313939067027
-0.35355283643853
-0.381501954354791
-0.429046576569064
-0.480987079894739
-0.53424699389008
-0.518873726989462
-0.467219144437446
-0.430107499693532
-0.412113411276683
-0.405620250690045
-0.379637109358517
-0.355999222205848
-0.357660093924816
-0.391609667149399
-0.438971663651073
-0.497564712872276
-0.531483091811188
-0.503447556281424
-0.457648404149831
-0.428249890556105
-0.406930148757157
-0.3976811894087
-0.384779106484179
-0.352787433864976
-0.361835871020438
-0.38950287405585
-0.441900362014263
-0.492056819367609
-0.527003561287478
-0.520607683366112
-0.458931202758218
-0.427728339534938
-0.421199897089101
-0.401870401708178
-0.374394486914164
-0.351482933365143
-0.36679034081158
-0.39883269781986
-0.444992051204218
-0.498927525410053
-0.53014254889575
-0.511450251295572
-0.466581662684104
-0.417037371132687
-0.416420916094601
-0.407973963296718
-0.379315787767929
-0.356804426106045
-0.358304599974995
-0.392194123625862
-0.434026594790881
-0.484781314587242
-0.530680558307827
-0.516386809381821
-0.462854440428148
-0.429516312955148
-0.419114009763912
-0.404389035414586
-0.379386300667926
-0.356395268419522
-0.358848352445974
-0.386027292567579
-0.436146811148305
-0.490402649273295
-0.532058894588091
-0.515107211373698
-0.459472547257302
-0.427560608519151
-0.410213994599781
-0.395011265357444
-0.38289461917415
-0.355579765258271
-0.358044562234368
-0.399513936699276
-0.433726541868209
-0.49050528224159
-0.537324206121647
-0.506334330801713
-0.452855493814179
-0.43117943115877
-0.411337941679391
-0.401445431035121
-0.382500251532631
-0.353638658847815
-0.361868636130005
-0.389788776414393
-0.452226006344742
-0.500260852184787
-0.529595592120785
-0.49014289728573
-0.44067760988104
-0.425658261936571
-0.41573599922891
-0.405323064660152
-0.387043534345787
-0.355622201630665
-0.361293419660521
-0.390822136531168
-0.436447703065297
-0.490733193676413
-0.534546990946763
-0.519443295705914
-0.462816309020657
-0.433352484394136
-0.415939736613686
-0.39888115351431
-0.388346504420134
-0.355194108032676
-0.353752798742187
-0.391733420522452
-0.435644980928593
-0.487460108820812
-0.530841819348959
-0.520253843347319
-0.480776958140217
-0.433972673100843
-0.412591042086831
-0.403646388749204
-0.382554684683343
-0.356896051917806
-0.360858178963937
-0.386733978588817
-0.429614674346774
-0.490828009775479
-0.531310455762222
-0.514522381455301
-0.46392163956413
-0.426955408984626
-0.416995094691685
-0.405424031427298
-0.381786226217135
-0.355302881649315
-0.358467209225678
-0.39103329961966
-0.436949961586693
-0.485113866432793
-0.530932183951156
-0.518751202294124
-0.459756763798176
-0.425931972041443
-0.417539108887175
-0.403882244521702
-0.382830222346902
-0.352008059466694
-0.355055706761767
-0.383072947520602
-0.427669839899269
-0.484513601899821
-0.527699827528602
-0.519620001553008
-0.467456583162487
-0.432881718363206
-0.416384308917534
-0.401152086987866
-0.380311999763932
-0.353151754027775
-0.356143934124181
-0.380756587827372
-0.426143726196973
-0.487239017775957
-0.532513118322569
-0.512729899075199
-0.459774150863972
-0.428705177188456
-0.41484575464313
-0.403461429963286
-0.380130480064075
-0.354908939995855
-0.361157609446024
-0.386114964488845
-0.434783412895722
-0.491318782633825
-0.532412376978699
-0.506499478500973
-0.452408606727107
-0.422884171026062
-0.410972403117934
-0.397911368240158
-0.386011205314067
-0.354463368799526
-0.3552002647329
-0.385585842526749
-0.430570693499476
-0.482105202546389
-0.53022891127695
-0.519448785290605
-0.462271638029143
-0.430160981477054
-0.416510238292166
-0.401893942215907
-0.37773543453709
-0.351419239333859
-0.357587227944082
-0.386494967737146
-0.431970082384714
-0.481440705573782
-0.525561077439382
-0.523436971315715
-0.468058878240076
-0.427738213271152
-0.418184890953579
-0.399094673039311
-0.377986655264285
-0.352958846028848
-0.352488145823206
-0.388967606579996
-0.433305862892882
-0.48155912973884
-0.528484842548527
-0.523029342021831
-0.471066365871468
-0.431332409521261
-0.415868703854966
-0.40358929173807
-0.381470104215477
-0.362277371827341
-0.359369928964085
-0.39141508231352
-0.43537561425694
-0.493051431016376
-0.533258739228225
-0.509343313537549
-0.460329474830841
-0.429540323314296
-0.413743713726527
-0.403696828043575
-0.382084277364762
-0.354131966565986
-0.354978774226278
-0.386207537825275
-0.433148075011235
-0.486605700289115
-0.524430000856289
-0.512843099934213
-0.460181395637819
-0.424659756500342
-0.412332239237017
-0.405373798208531
-0.38826781965327
-0.35372225463257
-0.362524882415205
-0.390236985253629
-0.438179438021287
-0.491610397899558
-0.529592283509148
-0.507704327931596
-0.452309982411739
-0.423608842154854
-0.410557231731766
-0.404842964293262
-0.380504259770133
-0.350754360996545
-0.348876165013015
-0.380850381225467
-0.430728519621802
-0.484993031332211
-0.529402917230514
-0.518674430239567
